100567.057082352 12185.8877965675 256.147658040748
98701.2339341821 15000 2814.87840752311
116539.714035732 12886.4499658069 455.83792090253
103014.302306531 1000 638.023747918531
99220.5963783933 2338.29974716576 203.273186927112
99085.1051900154 12174.2664233199 3441.70271589449
114893.29123288 6756.31023186859 1401.60826342518
95334.2772616564 1000 100
119688.908973901 15000 5000
100938.170197095 15000 2940.33045818161
120000 11441.4322535744 2917.02275830734
98634.9462792624 11057.7705077412 1890.24985136862
98635.8419362312 7963.13093061685 3061.39186634274
120000 15000 3323.68730256956
97027.2335462 3661.52726515055 4591.15010904559
95000 13395.0926450825 1306.8635570947
112094.995924356 8255.64314367193 5000
96492.319838023 15000 3193.52108265869
102254.064829765 3560.4415766566 100
97653.760336617 15000 2465.65881948959
105962.69742372 15000 100
95261.150100008 13000.6941753045 2623.80731955666
95000 11094.057351066 5000
99938.1891191058 2559.20023305301 100
97533.0722473642 10087.7515136465 5000
97955.7420166869 2946.60396607671 672.634481758703
97185.8306523661 2097.60769087161 5000
95000 12101.7874826897 1782.39113931312
99655.3182525526 15000 148.634573118416
115798.511595832 9318.13801124812 153.149209417012
116491.841033476 7883.84669923535 4624.52851491304
95000 6853.11175686007 4653.48263750311
96139.0956651606 3829.36418663498 5000
95000 12561.5740346642 100
102444.500964726 1000 100
106900.173223401 11531.4648211289 1718.15626393714
97715.6117258409 15000 2462.9361039122
98443.7530779311 3125.99423920009 1162.00703088944
95293.2799131038 1000 1656.97165870602
101143.519499281 2536.4986184093 100
120000 9192.56106303865 3839.96262784444
110091.675382529 11465.9985015271 1254.2685039191
103934.643801607 1552.29194979801 100
101919.910610172 8460.58823341532 5000
99871.3942716591 2632.82337647097 1883.0712582924
97874.2333353612 1000 875.591152161469
120000 10327.8780757142 3262.77392474213
114358.847208632 13270.857878403 100
119404.746828322 6262.97641663788 5000
103329.52558994 1982.92601265539 100
